[cosmological_parameters]

; These are the only parameters being varied.
omega_c = 0.01 0.264 0.9
omega_b = 0.001 0.049 0.3
h0 =  0.2 67.36 1.0

; The following parameters are set, but not varied.
; omega_c is not set, because the consistency module sets it to omega_m - omega_b
A_s = 2.083e-09
n_s = 0.9649
tau = 0.0544
mnu = 0.06
nnu = 3.046
num_massive_neutrinos = 1
omega_k = 0.0
w = -1.0
wa = 0.0

[desi]
pre_QSO_z0.b1p = 0.0 0.8450827448340568 3.0
pre_QSO_z0.b2p = -25.000000000000004 0.0 24.99999999985088
pre_QSO_z0.bsp = -25.000000000000004 0.0 24.99999999985088
pre_QSO_z0.b3p = 0.0
pre_QSO_z0.alpha4p = 0.0
pre_QSO_z0.alpha6p = 0.0
pre_QSO_z0.sn4p = 0.0
pre_ELG_z1.b1p = 0.0 0.5160887812270373 3.0
pre_ELG_z1.b2p = -25.000000000000004 0.0 24.99999999985088
pre_ELG_z1.bsp = -25.000000000000004 0.0 24.99999999985088
pre_ELG_z1.b3p = 0.0
pre_ELG_z1.alpha4p = 0.0
pre_ELG_z1.alpha6p = 0.0
pre_ELG_z1.sn4p = 0.0
pre_LRG_z2.b1p = 0.0 1.017230940206759 3.0
pre_LRG_z2.b2p = -25.000000000000004 0.0 24.99999999985088
pre_LRG_z2.bsp = -25.000000000000004 0.0 24.99999999985088
pre_LRG_z2.b3p = 0.0
pre_LRG_z2.alpha4p = 0.0
pre_LRG_z2.alpha6p = 0.0
pre_LRG_z2.sn4p = 0.0
pre_LRG_z1.b1p = 0.0 1.1227984779619817 3.0
pre_LRG_z1.b2p = -25.000000000000004 0.0 24.99999999985088
pre_LRG_z1.bsp = -25.000000000000004 0.0 24.99999999985088
pre_LRG_z1.b3p = 0.0
pre_LRG_z1.alpha4p = 0.0
pre_LRG_z1.alpha6p = 0.0
pre_LRG_z1.sn4p = 0.0
pre_LRG_z0.b1p = 0.0 1.236654858870998 3.0
pre_LRG_z0.b2p = -25.000000000000004 0.0 24.99999999985088
pre_LRG_z0.bsp = -25.000000000000004 0.0 24.99999999985088
pre_LRG_z0.b3p = 0.0
pre_LRG_z0.alpha4p = 0.0
pre_LRG_z0.alpha6p = 0.0
pre_LRG_z0.sn4p = 0.0
pre_BGS_z0.b1p = 0.0 1.0359800845412817 3.0
pre_BGS_z0.b2p = -25.000000000000004 0.0 24.99999999985088
pre_BGS_z0.bsp = -25.000000000000004 0.0 24.99999999985088
pre_BGS_z0.b3p = 0.0
pre_BGS_z0.alpha4p = 0.0
pre_BGS_z0.alpha6p = 0.0
pre_BGS_z0.sn4p = 0.0